10000.0, 5, 20.9676993969, 56.6654384868, 143.094546, 162.759997052
80000.0, 5, 60.7365835984, 83.0914768344, 477.537237759, 162.759997052
8000.0, 5, 72.3696269489, 85.6845028566, 48.0025207776, 162.759988245
500.0, 5, 17.1436844381, 45.4536019308, 94.6950004101, 137.349992199
4000.0, 5, 59.440252843, 75.1617028489, 45.5525454434, 137.349992199
7000.0, 5, 28.6635960381, 62.899201549, 1223.04000346, 137.349995649
600.0, 5, 13.0117775184, 48.6799999475, 243.399999738, 40.5399987834
500.0, 5, 47.4125959099, 68.2416028687, 13.5400000527, 40.5399977267
5000.0, 5, 18.5915373448, 49.8196784723, 79.8392307575, 40.5400005103
1690.0, 5, 52.0404350836, 80.172072691, 376.363332748, 124.999997355
8750.0, 5, 52.4256124995, 94.8201633238, 493.855000087, 121.359214413
1100.0, 5, 98.1408557687, 88.9592694904, 28.1193102968, 125.000009245
2020.0, 5, 97.490274605, 96.6374221788, 19.3658333506, 125.000004979
1680.0, 5, 60.55812135, 83.6535708564, 390.383330663, 124.999996142
8910.0, 5, 49.9022008162, 72.4888890327, 39.5757353727, 125.000003813
5096.0, 5, 180.857661634, 102.571268934, 2.77443308253, 1.3100000812
1573.0, 5, 85.1007764322, 86.6929419275, 0.458595642647, 1.31000006671
115.0, 5, 86.6974298901, 92.8591328053, 5.56187502667, 1.30999993563
500.0, 5, 16.8996958747, 80.5200030716, 7.45555555556, 1.30999990855
75.0, 5, 31.2387793186, 75.4399999619, 23.5749999881, 1.30999999125
5499.0, 5, 96.6972989449, 93.4516079542, 16.4077394858, 1.3100000578
100.0, 5, 37.8535784282, 62.3040014339, 25.9599999785, 1.31000000094
450.0, 5, 21.7797880021, 75.7999995867, 284.24999845, 1.31000004581
1300.0, 5, 30.3156421425, 91.1649258295, 16.4603333473, 1.3099999654
1242.0, 5, 55.0831326482, 84.4367115947, 2.13672370957, 1.31000002293
1000.0, 5, 19.5302145485, 83.7792030632, 33.245714233, 1.30999990855
5475.0, 5, 133.594405969, 100.522521137, 7.13272165918, 1.31000003834
500.0, 5, 167.309955387, 105.698403995, 14.2067741886, 1.30999990855
2900.0, 5, 24.3301758083, 82.5326923379, 9.82532025793, 1.30999991729
10000.0, 5, 32.403580541, 78.1953574159, 296.194544705, 78.120004412
115000.0, 5, 19.5076388069, 74.67594987, 1233.86983516, 78.1199954351
8500.0, 5, 91.418899307, 98.1484201176, 50.0156835103, 78.1200032921
130000.0, 5, 35.3295281649, 70.8791331551, 691.763337556, 78.1200002613
3500.0, 5, 286.776378795, 113.082516939, 64.6713726567, 78.1199965836
300.0, 5, 45.2813418717, 88.507999897, 221.269999743, 111.375004211
1500.0, 5, 4435.12312911, 119.136799622, 10.7137409732, 34.9999991655
2500.0, 5, 29.7175149036, 73.2719984963, 11.6526718722, 35.0000014019
38.0, 5, 42.452828536, 32.9684212706, 1.49142856257, 0.36000000271
921.0, 5, 75.0990028328, 78.5433209809, 0.762098613792, 0.360000005368
433.0, 5, 93.2385577491, 96.800922888, 0.823797165785, 0.359999987631
17500.0, 5, 37.5053053348, 75.239248125, 38.6351759467, 22.3999997656
25000.0, 5, 31.1342418479, 82.1232497589, 4.78306121016, 22.3999993438
7513.8, 5, 37.4317204704, 84.2416326599, 3.08106890794, 4.21400018035
11592.72, 5, 12.9771888278, 37.5583288226, 3.79138978023, 5.53200026301
2500.0, 5, 97.4734823315, 92.0342368764, 49.1635895754, 68.0000011673
23575.0, 5, 2.19606844761, 16.0448275209, 350.237776862, 67.9999976893
31625.0, 5, 32.9602961393, 68.4695177584, 429.632622128, 67.9999975393
2500.0, 25, 95.9260425081, 95.0208041791, 5.91906995552, 2.0
3500.0, 25, 46.8174262209, 90.1999979655, 0.67514968537, 2.0
1000.0, 25, 64.3612348811, 105.298663168, 3.13388888041, 2.0
