15000.0, 23, 261.058725008, 168.625012488, 47.3001441403, 113.040005819
6000.0, 23, 145.628843931, 111.579334204, 107.980000019, 113.039999315
60000.0, 23, 112.091879477, 95.6693576021, 315.177021432, 113.040005819
12000.0, 23, 78.9009830306, 72.9966054922, 49.1421744305, 113.039999315
500.0, 23, 59.2871071939, 41.1447506169, 53.090000391, 137.349999483
6000.0, 23, 83.210664254, 78.2801678749, 44.8918522022, 137.349996578
10000.0, 23, 54.2616032874, 51.5746976228, 1330.95999146, 137.350000751
500.0, 23, 109.793962432, 67.0219996022, 14.4133331378, 40.5399988659
3500.0, 23, 72.6197090275, 78.1543193673, 176.477499962, 40.5400006695
2000.0, 2, 13.4933405003, 41.4658613167, 233.909997622, 36.8950017399
2200.0, 2, 11.0031873292, 33.3987185694, 155.43250227, 36.8950022252
1450.0, 23, 111.739512814, 99.2587952004, 185.710000992, 124.99999777
1000.0, 23, 165.689365349, 105.853375837, 16.0688235339, 125.000002772
2000.0, 23, 149.999356067, 88.9893759007, 9.37346941111, 125.000002772
10000.0, 23, 42.8472552085, 54.3154851441, 46.7229998271, 125.000008684
4300.0, 23, 115.279316087, 92.1673286506, 1022.75998688, 124.999992588
1450.0, 23, 158.033348844, 117.575519362, 439.960000992, 124.99999777
8750.0, 23, 73.5411103197, 79.8971881598, 138.779231145, 121.359223687
53000.0, 23, 78.497031879, 102.128553389, 263.557549243, 124.999993446
500.0, 23, 28.8240086155, 44.2835007887, 5.71400005817, 1.30999995507
75.0, 23, 90.8881606494, 118.161659855, 22.8699994087, 1.31000005745
5499.0, 23, 182.05013868, 126.898319785, 12.7717021103, 1.30999996619
4111.0, 23, 139.685240667, 90.2542286523, 13.8769564974, 1.30999996307
2250.0, 23, 193.305049936, 112.68844887, 40.8950002193, 1.3099999883
983.0, 23, 34.4643974361, 37.3505863991, 94.7500016689, 1.30999999842
1300.0, 23, 279.45446579, 155.935965946, 13.078499794, 1.31000001668
1242.0, 23, 102.310332675, 72.5766877394, 1.7490225627, 1.31000002183
588.0, 23, 168.042423604, 140.804853689, 71.2199999491, 1.30999989857
1000.0, 23, 125.373303185, 76.3491262181, 15.1561539723, 1.30999995507
5475.0, 23, 201.097556541, 127.752559332, 7.36742855773, 1.30999992191
500.0, 23, 242.506125466, 153.465499308, 28.2885710852, 1.30999995507
1590.0, 23, 248.417179975, 143.377439952, 15.0848717323, 1.30999990939
3423.0, 23, 107.368755626, 86.603928287, 12.1431747315, 1.31000006879
5096.0, 23, 195.322336997, 120.544738934, 2.2941823537, 1.31000000304
1573.0, 23, 133.511491259, 96.2074045794, 0.362955385868, 1.30999998523
115.0, 23, 60.2869715763, 89.2597821172, 8.83000004292, 1.31000004041
2000.0, 23, 7379.65309209, 375.97963248, 88.2063647184, 54.7900014214
10000.0, 23, 47.8305887594, 61.5632854833, 317.746002197, 54.7900040131
70000.0, 23, 42.6054395129, 62.1037967135, 801.339290074, 54.7899984089
3000.0, 23, 96.6785919531, 106.176291767, 205.502498627, 54.7900014214
8500.0, 23, 120.236922235, 122.160515668, 107.185998535, 54.789999354
8000.0, 23, 75.4042015126, 89.349749913, 307.439997355, 54.7900014214
5000.0, 23, 55.9693408863, 75.5508712931, 974.849990845, 54.7900040131
6500.0, 23, 145.61614403, 136.444714152, 81.7410708836, 54.7899987179
8800.0, 23, 178.780696207, 137.274974349, 11.8086001078, 54.7899995739
3500.0, 23, 132.250396913, 113.237461425, 60.1641177009, 54.790000103
50000.0, 23, 113.211160981, 111.710515093, 800.792209201, 54.7900000156
4500.0, 23, 140.267516883, 124.574366492, 131.515455766, 54.7899975163
110000.0, 23, 75.409144929, 96.3177017246, 1188.77391517, 54.7900039453
4500.0, 23, 24.0531467141, 59.3718913554, 114.913334211, 111.37499378
5750.0, 23, 83.783148272, 97.9728036354, 207.684284755, 111.374997853
1750.0, 23, 77.3003244446, 48.3289987865, 18.1883333524, 111.37500047
1200.0, 23, 178.780689002, 137.27497189, 141.703201294, 111.375006828
1500.0, 23, 200.804669613, 147.678834421, 17.3230302984, 34.9999994826
2500.0, 23, 51.790298163, 59.4998480652, 20.2036843551, 35.0000011382
5000.0, 23, 118.15240669, 114.193919382, 98.2313323975, 35.0000011382
1500.0, 23, 146.03248688, 131.576918144, 6.52987181835, 34.9999994826
13000.0, 23, 95.4973840186, 109.284542412, 282.024618296, 35.0000002388
4500.0, 34, 60.9151123384, 66.8301639507, 0.691823664495, 1.32000004512
6000.0, 34, 106.572272053, 81.8999976675, 1.67142857483, 1.32000007614
2000.0, 34, 181.73308137, 108.837746398, 34.5516665777, 1.32000007614
921.0, 23, 204.583738195, 131.224080224, 1.03274834551, 0.360000006471
433.0, 23, 142.512262498, 112.070725546, 0.970775179161, 0.360000010815
10500.0, 23, 223.002933403, 128.273937594, 36.976702264, 22.4000004036
25000.0, 23, 179.230086795, 51.1971210074, 2.85236615591, 22.3999996609
6980.0, 23, 88.1325870939, 74.2845289462, 3.10459397177, 4.01999978614
12963.0, 23, 226.369684964, 142.660863764, 7.25291795354, 4.02000009095
10769.0, 23, 43.4024113966, 44.1193714652, 5.1088332812, 5.43909984632
4985.0, 23, 103.442897984, 100.557995683, 6.34132355335, 5.13390034111
14958.0, 23, 400.150939019, 221.531709486, 16.6694153903, 5.13390008531
2500.0, 23, 396.555367145, 185.595440768, 28.5092854273, 68.0000020103
20465.0, 23, 67.2490684135, 56.5221696362, 199.006666056, 68.0000055011
27540.0, 23, 166.783638094, 119.542204425, 314.665927463, 67.999999416
2500.0, 12, 128.806279827, 118.92230221, 3.54674323765, 2.0
3500.0, 12, 52.8491207401, 89.4999994278, 0.420681548427, 2.0
1000.0, 12, 83.2368496718, 91.8697467424, 1.81650518134, 2.0
